# oST version 5.0 parameters


[image]

width
640

height
480

[narrow_stereo]

camera matrix
621.701971 0.000000 325.157695
0.000000 621.971316 233.170431
0.000000 0.000000 1.000000

distortion
0.079264 -0.149967 0.000716 0.001749 0.000000

rectification
1.000000 0.000000 0.000000
0.000000 1.000000 0.000000
0.000000 0.000000 1.000000

projection
627.292786 0.000000 325.534629 0.000000
0.000000 627.968628 232.928839 0.000000
0.000000 0.000000 1.000000 0.000000

