image_width: 640
image_height: 480
camera_name: narrow_stereo
camera_matrix:
  rows: 3
  cols: 3
  data: [621.701971, 0.000000, 325.157695, 0.000000, 621.971316, 233.170431, 0.000000, 0.000000, 1.000000]
distortion_model: plumb_bob
distortion_coefficients:
  rows: 1
  cols: 5
  data: [0.079264, -0.149967, 0.000716, 0.001749, 0.000000]
rectification_matrix:
  rows: 3
  cols: 3
  data: [1.000000, 0.000000, 0.000000, 0.000000, 1.000000, 0.000000, 0.000000, 0.000000, 1.000000]
projection_matrix:
  rows: 3
  cols: 4
  data: [627.292786, 0.000000, 325.534629, 0.000000, 0.000000, 627.968628, 232.928839, 0.000000, 0.000000, 0.000000, 1.000000, 0.000000]
